14,73
14,72
14,71
14,70
14,69
14,68
14,67
14,66
14,65
14,64
14,2
14,1
14,0
13,4
13,3
13,2
13,1
13,0
12,8
12,7
12,6
12,5
12,4
12,3
12,2
12,1
12,0
11,5
11,4
11,3
11,2
11,1
16,13
11,0
16,113
10,4
16,7
10,3
10,2
16,6
16,5
10,1
16,4
10,0
16,3
9,5
9,4
14,4
9,3
14,88
9,2
14,5
9,1
15,13
14,155
9,0
15,5
14,3
8,5
8,4
8,3
8,2
8,1
15,4
8,0
15,3
7,5
7,4
7,3
7,2
7,1
7,0
6,5
6,4
6,3
6,2
6,1
6,0
5,6
5,5
5,4
5,3
5,2
5,1
5,0
4,3
4,2
4,1
4,0
3,6
3,5
3,4
3,3
3,2
3,1
3,0
2,5
2,4
2,3
2,2
2,1
2,0
1,3
1,2
1,1
1,0
0,410
0,324
0,313
0,243
0,9
0,1
0,0
0,471
0,300
0,437
0,299
0,402
0,298
0,359
0,297
0,464
0,296
0,321
0,295
0,358
0,294
0,463
0,293
0,374
0,292
0,334
0,291
0,401
0,290
0,320
0,289
0,357
0,288
0,511
0,287
0,371
0,286
0,436
0,285
0,460
0,284
0,459
0,283
0,510
0,282
0,509
0,281
0,457
0,280
0,400
0,279
0,369
0,278
0,455
0,277
0,398
0,276
0,489
0,275
0,370
0,274
0,476
0,273
0,396
0,272
0,355
0,271
14,74
14,75
14,77
14,78
14,80
14,91
14,96
14,129
14,130
14,132
14,133
14,157
14,159
14,160
14,162
14,163
14,165
14,166
14,168
14,170
14,171
14,173
14,174
14,176
14,178
14,179
14,181
14,182
14,184
14,185
14,187
14,189
14,190
15,0
15,1
15,6
15,8
15,9
15,11
15,12
16,1
16,2
16,9
16,11
16,12
16,15
16,16
16,20
16,24
16,25
16,27
16,28
16,30
16,32
16,33
16,35
16,36
16,38
16,39
16,66
16,68
16,69
16,72
16,73
16,77
16,80
16,81
16,83
16,84
16,86
16,87
16,89
16,91
16,92
16,94
16,95
16,97
16,99
16,100
16,102
16,103
16,105
16,106
16,108
16,110
16,111
16,114
16,115
17,0
17,2
17,3
17,5
17,6
17,8
17,11
17,10
17,7
17,4
17,1
16,116
16,112
16,109
16,107
16,104
16,101
16,98
16,96
16,93
16,90
16,88
16,85
16,82
16,79
16,76
16,70
16,67
16,64
16,37
16,34
16,31
16,29
16,26
16,21
16,17
16,14
16,10
16,8
16,0
15,10
15,7
15,2
14,191
14,188
14,186
14,183
14,180
14,177
14,175
14,172
14,169
14,167
14,164
14,161
14,158
14,156
14,131
14,128
14,92
14,79
14,76
0,434
0,270
0,269
0,454
0,268
0,340
0,267
0,354
0,266
0,453
0,265
0,351
0,264
0,452
0,263
0,262
0,336
0,261
0,462
0,260
0,335
0,259
0,333
0,258
0,368
0,257
0,450
0,256
0,461
0,255
0,488
0,254
0,367
0,253
0,504
0,252
0,448
0,251
0,481
0,250
0,503
0,249
0,392
0,248
0,366
0,247
0,350
0,246
0,431
0,245
0,365
0,244
0,502
0,242
0,383
0,241
0,332
0,240
0,424
0,239
0,423
0,238
0,422
0,237
0,500
0,236
0,364
0,235
0,310
0,234
0,308
0,233
0,420
0,232
0,349
0,231
0,419
0,230
0,390
0,229
0,344
0,228
0,417
0,227
0,331
0,226
0,484
0,225
0,307
0,224
0,329
0,223
0,446
0,222
0,381
0,221
0,387
0,220
0,348
0,219
0,363
0,218
0,416
0,217
0,343
0,216
0,380
0,215
0,415
0,214
0,429
0,213
0,379
0,212
0,413
0,211
0,451
0,210
0,378
0,209
0,412
0,208
0,328
0,207
0,362
0,206
0,339
0,205
0,483
0,204
0,361
0,203
0,326
0,202
0,427
0,201
0,480
0,200
0,458
0,199
0,377
0,198
0,443
0,197
0,325
0,196
0,426
0,195
0,478
0,194
0,479
0,193
0,345
0,192
0,338
0,63
0,474
0,62
0,323
0,61
0,322
0,60
0,468
0,59
0,491
0,58
0,407
0,57
0,376
0,56
0,406
0,55
0,456
0,54
0,403
0,53
0,375
0,52
0,373
0,51
0,467
0,50
0,327
0,49
0,382
0,48
0,465
0,47
0,337
0,46
0,449
0,45
0,311
0,6
0,5
0,304
0,303
0,306
0,305
0,302
0,12
0,10
0,8
0,11
0,4
0,2
0,3
0,7
